1.340000000000000000e+02
0.000000000000000000e+00 1.017385699999999993e+01
2.772600000000000064e-02 1.016087600000000002e+01
5.545100000000000029e-02 1.012357599999999991e+01
8.317700000000000093e-02 1.006452200000000019e+01
1.109030000000000016e-01 9.986378000000000199e+00
1.386280000000000012e-01 9.891852999999999341e+00
1.663540000000000019e-01 9.783659000000000106e+00
1.940790000000000015e-01 9.664472999999999203e+00
2.218050000000000022e-01 9.536903999999999826e+00
2.495310000000000028e-01 9.403473999999999222e+00
2.772560000000000024e-01 9.266591000000000022e+00
3.049819999999999753e-01 9.128546999999999301e+00
3.327080000000000037e-01 8.991507000000000360e+00
3.604330000000000034e-01 8.857511000000000578e+00
3.881589999999999763e-01 8.728476999999999819e+00
4.158839999999999759e-01 8.606211999999999307e+00
4.436100000000000043e-01 8.492288999999999533e+00
4.713359999999999772e-01 8.387059999999999960e+00
4.990609999999999769e-01 8.290286999999999296e+00
5.267870000000000053e-01 8.201750000000000540e+00
5.545130000000000337e-01 8.121249999999999858e+00
5.822380000000000333e-01 8.048612000000000322e+00
6.099639999999999507e-01 7.983679999999999666e+00
6.376899999999999791e-01 7.926319000000000337e+00
6.654149999999999787e-01 7.876415999999999862e+00
6.931410000000000071e-01 7.833874999999999922e+00
7.208660000000000068e-01 7.798621999999999943e+00
7.485920000000000352e-01 7.770602000000000231e+00
7.763179999999999525e-01 7.749778000000000056e+00
8.040429999999999522e-01 7.736136000000000124e+00
8.317689999999999806e-01 7.729676000000000435e+00
8.594950000000000090e-01 7.730156000000000027e+00
8.872200000000000086e-01 7.731207000000000384e+00
9.149460000000000370e-01 7.722624999999999851e+00
9.703969999999999541e-01 7.250588864189019489e+00
9.797869292929292095e-01 6.962163856316601951e+00
9.891768585858585761e-01 6.321352724309247328e+00
9.985667878787878315e-01 4.556937927834383117e+00
1.007956717171717198e+00 2.168822983267966631e+00
1.017346646464646343e+00 1.190457830234362691e+00
1.026736575757575709e+00 7.975766096412560957e-01
1.036126505050505076e+00 5.959342781965653035e-01
1.045516434343434220e+00 4.747053590060388295e-01
1.054906363636363587e+00 3.941272436240828569e-01
1.064296292929292953e+00 3.367959845826228871e-01
1.073686222222222097e+00 2.939601270210250306e-01
1.083076151515151464e+00 2.607567557036469807e-01
1.092466080808080831e+00 2.342736189724145546e-01
1.101856010101009975e+00 2.126623866611863922e-01
1.111245939393939341e+00 1.946943750492964031e-01
1.120635868686868708e+00 1.795213736095119528e-01
1.130025797979797852e+00 1.665391578713239507e-01
1.139415727272727219e+00 1.553057521486137793e-01
1.148805656565656585e+00 1.454904530915941407e-01
1.158195585858585730e+00 1.368409182227128540e-01
1.167585515151515096e+00 1.291612735004452617e-01
1.176975444444444463e+00 1.222971665262471280e-01
1.186365373737373607e+00 1.161253254107319499e-01
1.195755303030302974e+00 1.105461154992680023e-01
1.205145232323232340e+00 1.054781361800489758e-01
1.214535161616161485e+00 1.008542342625219496e-01
1.223925090909090851e+00 9.661851898711931730e-02
1.233315020202020218e+00 9.272409699360359414e-02
1.242704949494949362e+00 8.913133256839872454e-02
1.252094878787878729e+00 8.580649639354268055e-02
1.261484808080807873e+00 8.272070524926659896e-02
1.270874737373737240e+00 7.984908213590649617e-02
1.280264666666666606e+00 7.717008516279706687e-02
1.289654595959595973e+00 7.466496693297225429e-02
1.299044525252525117e+00 7.231733575714734130e-02
1.308434454545454484e+00 7.011279700657904734e-02
1.317824383838383628e+00 6.803865803748486429e-02
1.327214313131312995e+00 6.608368392081044596e-02
1.336604242424242361e+00 6.423789405873270297e-02
1.345994171717171728e+00 6.249239192180303798e-02
1.355384101010100872e+00 6.083922178161688815e-02
1.364774030303030239e+00 5.927124757489714985e-02
1.374163959595959383e+00 5.778205001121719531e-02
1.383553888888888750e+00 5.636583879785415224e-02
1.392943818181818116e+00 5.501737745290708609e-02
1.402333747474747483e+00 5.373191864991341826e-02
1.411723676767676627e+00 5.250514841245999126e-02
1.421113606060605994e+00 5.133313777721472404e-02
1.430503535353535138e+00 5.021230078489856419e-02
1.439893464646464505e+00 4.913935785346566082e-02
1.449283393939393871e+00 4.811130374591719716e-02
1.458673323232323238e+00 4.712537947416292616e-02
1.468063252525252382e+00 4.617904758604414461e-02
1.477453181818181749e+00 4.526997036965441784e-02
1.486843111111110893e+00 4.439599058096766609e-02
1.496233040404040260e+00 4.355511436045072376e-02
1.505622969696969626e+00 4.274549605400419783e-02
1.515012898989898993e+00 4.196542469511398837e-02
1.524402828282828137e+00 4.121331193993285624e-02
1.533792757575757504e+00 4.048768127630467811e-02
1.543182686868686648e+00 3.978715835254312272e-02
1.552572616161616015e+00 3.911046229270422753e-02
1.561962545454545381e+00 3.845639788293665068e-02
1.571352474747474748e+00 3.782384852865667418e-02
1.580742404040403892e+00 3.721176989527869017e-02
1.590132333333333259e+00 3.661918415633319546e-02
1.599522262626262403e+00 3.604517478235504807e-02
1.608912191919191770e+00 3.548888181215324733e-02
1.618302121212121136e+00 3.494949755515031065e-02
1.627692050505050503e+00 3.442626267964582487e-02
1.637081979797979647e+00 3.391846264716485287e-02
1.646471909090909014e+00 3.342542445768938164e-02
1.655861838383838158e+00 3.294651367461149533e-02
1.665251767676767525e+00 3.248113170174853070e-02
1.674641696969696891e+00 3.202871328786570382e-02
1.684031626262626258e+00 3.158872423682165115e-02
1.693421555555555402e+00 3.116065930385227001e-02
1.702811484848484769e+00 3.074404026056704736e-02
1.712201414141413913e+00 3.033841411308536504e-02
1.721591343434343280e+00 2.994335145935970305e-02
1.730981272727272646e+00 2.955844497316059347e-02
1.740371202020202013e+00 2.918330800347530146e-02
1.749761131313131157e+00 2.881757327920566464e-02
1.759151060606060524e+00 2.846089171002878782e-02
1.768540989898989668e+00 2.811293127520800988e-02
1.777930919191919035e+00 2.777337599291332740e-02
1.787320848484848401e+00 2.744192496332560280e-02
1.796710777777777768e+00 2.711829147944169738e-02
1.806100707070706912e+00 2.680220220004970663e-02
1.815490636363636279e+00 2.649339637986565868e-02
1.824880565656565423e+00 2.619162515227863378e-02
1.834270494949494790e+00 2.589665086055026669e-02
1.843660424242424156e+00 2.560824643369516776e-02
1.853050353535353523e+00 2.532619480360294092e-02
1.862440282828282667e+00 2.505028836024959793e-02
1.871830212121212034e+00 2.478032844212953861e-02
1.881220141414141178e+00 2.451612485928260712e-02
1.890610070707070545e+00 2.425749544650144737e-02
1.899999999999999911e+00 2.400426564452737277e-02
